Iteration φ_1          φ_2        β_RC          β_OC       β_DR       t        intercept.EV   Log-Likelihood
   1    0.672619    0.760347    2.899263    3.635779    1.901114    2.515705     1.038310      62.399283    
   2    0.229575    0.161602    2.789224    3.766627    2.062608    3.905849     1.056940      58.831211    
   3   -0.186860   -0.490711    2.799192    3.772795    2.185728    4.245763     1.068453      57.059242    
   4   -0.467373   -1.252912    2.964796    3.631542    2.617492    4.322134     1.079557      55.477830    
   5   -0.442833   -1.642086    3.133761    3.439888    2.890915    3.963380     1.081487      54.208155    
   6   -0.370511   -1.857053    3.236067    3.439380    2.784078    3.535313     1.080860      53.886602    
   7   -0.250009   -1.750819    3.219471    3.577786    2.614299    3.611654     1.080265      53.691720    
   8   -0.199469   -1.991764    3.282567    3.638649    2.608837    3.689740     1.084285      53.473637    
   9    0.031891   -2.435176    3.333430    3.847828    2.576271    3.684561     1.090887      53.301775    
  10    0.158090   -2.467705    3.176116    3.958966    2.675718    3.665378     1.093213      53.177088    
  11    0.502757   -2.585885    2.872004    4.237703    2.821528    3.543507     1.099912      53.057058    
  12    0.598954   -2.586383    2.883310    4.261657    2.841343    3.558461     1.105280      53.039287    

Estimation summary
------------------------------------------------------------------------------------
Coefficient         Estimate      Std.Err.       z-val         P>|z|
------------------------------------------------------------------------------------
φ_1                 0.645417     0.195372       3.303524       0.000955 ***
φ_2                 0.070020     0.070138       0.998310       0.318129  
β_RC                2.883310     0.942398       3.059547       0.002217 **
β_OC                4.261657     1.015962       4.194699       0.000027 ***
β_DR                2.841343     0.579935       4.899416       0.000001 ***
t                  36.109135    24.506397       1.473458       0.140628  
intercept.EV        1.105280     1.000356       1.104887       0.269209  
------------------------------------------------------------------------------------
Significance:  0 '***' 0.001 '**' 0.01 '*' 0.05 '.' 0.1 ' ' 1

Log-Likelihood=  -53.0393
BIC=  136.0152

Log-Likelihood recovery:
Ture Log-Likelihood=  -54.3639
Difference in Log-Likelihood=    1.3246
Relative difference in Log-Likelihood=    0.0244