Iteration intercept.EV   β_RC         β_OC        β_DR         Log-Likelihood
   1      0.675635     1.201870      0.939032      1.343913      68.786748 
   2      0.858238     2.046007      1.473508      2.042561      64.498583 
   3      1.114595     3.922075      2.832359      3.454317      57.412697 
   4      1.431551     7.413336      5.708820      5.880883      50.684578 
   5      1.483491     9.191382      7.280892      6.779390      49.351717 
   6      1.395949     10.732338      8.600008      7.172592      48.783857 
   7      1.236182     11.824586      9.505627      7.149369      48.542988 
   8      1.072248     12.448380      10.019480      6.921584      48.454792 
   9      1.000278     12.524330      10.103383      6.764200      48.442670 
  10      0.974960     12.449942      10.076282      6.703364      48.440535 
  11      0.946276     12.341085      10.049107      6.660189      48.439024 
  12      0.908297     12.242777      10.060324      6.635504      48.437667 
  13      0.846810     12.147898      10.135193      6.623199      48.436077 
  14      0.806296     12.134082      10.227966      6.633650      48.435299 
  15      0.798801     12.159879      10.271912      6.646486      48.435142 
  16      0.801259     12.170337      10.276326      6.649826      48.435133 
  17      0.802085     12.171425      10.275804      6.650116      48.435132 
  18      0.802161     12.171223      10.275649      6.650089      48.435132 
Optimization terminated successfully.
         Current function value: 48.435132
         Iterations: 18
         Function evaluations: 100
         Gradient evaluations: 20

Estimation summary
------------------------------------------------------------------------------------
Coefficient          Estimate      Std.Err.       z-val         P>|z|
------------------------------------------------------------------------------------
intercept.EV         0.802161     1.763530       0.454861       0.649209  
β_RC                12.171223     3.181769       3.825301       0.000131 ***
β_OC                10.275649     3.349063       3.068216       0.002153 **
β_DR                 6.650089     1.456873       4.564632       0.000005 ***
------------------------------------------------------------------------------------
Significance:  0 '***' 0.001 '**' 0.01 '*' 0.05 '.' 0.1 ' ' 1

Log-Likelihood=  -48.4351
BIC=  113.9769


Log-Likelihood recovery:
Ture Log-Likelihood=  -48.4484
Difference in Log-Likelihood=    0.0133
Relative difference in Log-Likelihood=    0.0003